0.0025
0.004 
0.01035 
0.0135 
0.0235 
0.025 
0.065 
0.5
298.15
298.15
973.15
0.000417
0.00139
1800.0
0.12
0.006223
1.2758
1.2306
1.1885
1.1492
1.1124
1.0779
1.0455
1.0150
0.9862
0.9590
0.9333
0.8858
0.8428
0.8039
0.7684
0.7359
0.3578
1005.9
1006.1
1006.4
1006.7
1007.1
1007.7
1008.2
1008.9
1009.7
1010.5
1011.5
1013.6
1016.0
1018.8
1021.8
1025.2
1136.1
24.360
25.121
25.873
26.618
27.354
28.082
28.804
29.518
30.225
30.925
31.620
32.989
34.336
35.660
36.964
38.248
66.312
17.218
17.715
18.205
18.689
19.165
19.635
20.099
20.557
21.009
21.455
21.896
22.763
23.610
24.439
25.251
26.046
42.517
135.0
144.0
153.2
162.6
172.3
182.2
192.2
202.5
213.0
223.7
234.6
257.0
280.1
304.0
328.6
353.9
1188.3
0.7110
0.7095
0.7081
0.7068
0.7056
0.7045
0.7035
0.7026
0.7018
0.7011
0.7004
0.6994
0.6986
0.6982
0.6980
0.6981
0.7284
24
24
25
25	
25	
25	
26	
26
27